{
 "cells": [
  {
   "cell_type": "raw",
   "metadata": {},
   "source": [
    "---\n",
    "layout: single\n",
    "title: \"GIS in Python: Introduction to vector format spatial data - points, lines and polygons\"\n",
    "excerpt: \"This lesson introduces what vector data are and how to open vector data stored in\n",
    "shapefile format in Python. \"\n",
    "authors: ['Chris Holdgraf', 'Leah Wasser']\n",
    "modified: '{:%Y-%m-%d}'.format(datetime.now())\n",
    "category: [course-materials]\n",
    "class-lesson: ['class-intro-spatial-python']\n",
    "permalink: /course-materials/earth-analytics-python/week-5/intro-vector-data-python/\n",
    "nav-title: 'Vector data in Python'\n",
    "module-title: 'Spatial data in Python and remote sensing uncertainty'\n",
    "module-description: 'This tutorial covers the basic principles of LiDAR remote sensing and\n",
    "the three commonly used data products: the digital elevation model, digital surface model and the canopy height model. Finally it walks through opening lidar derived raster data in Python'\n",
    "module-nav-title: 'Spatial Data in Python'\n",
    "module-type: 'class'\n",
    "week: 5\n",
    "sidebar:\n",
    "  nav:\n",
    "author_profile: false\n",
    "comments: true\n",
    "order: 1\n",
    "---\n"
   ]
  },
  {
   "cell_type": "markdown",
   "metadata": {},
   "source": [
    "\n",
    "\n",
    "{% include toc title=\"In This Lesson\" icon=\"file-text\" %}\n",
    "\n",
    "\n",
    "\n",
    "<div class='notice--success' markdown=\"1\">\n",
    "\n",
    "\n",
    "\n",
    "## <i class=\"fa fa-graduation-cap\" aria-hidden=\"true\"></i> Learning Objectives\n",
    "\n",
    "\n",
    "\n",
    "After completing this tutorial, you will be able to:\n",
    "\n",
    "\n",
    "\n",
    "* Be able to describe the characteristics of 3 key vector data structures: points, lines and polygons.\n",
    "\n",
    "* Be able to open a shapefile in R using `readOGR()`.\n",
    "\n",
    "* Be able to view the metadata of a vector spatial layer in R including CRS\n",
    "\n",
    "* Be able to access the tabular (`data.frame`) attributes of a vector spatial layer in `R`.\n",
    "\n",
    "\n",
    "\n",
    "## <i class=\"fa fa-check-square-o fa-2\" aria-hidden=\"true\"></i> What you need\n",
    "\n",
    "\n",
    "\n",
    "You will need a computer with internet access to complete this lesson and the data for week 5 of the course.\n",
    "\n",
    "\n",
    "\n",
    "[<i class=\"fa fa-download\" aria-hidden=\"true\"></i> Download Week 5 Data (~500 MB)](https://ndownloader.figshare.com/files/7525363){:data-proofer-ignore='' .btn }\n",
    "\n",
    "\n",
    "\n",
    "</div>\n",
    "\n",
    "\n",
    "\n",
    "## About Vector Data\n",
    "\n",
    "Vector data are composed of discrete geometric locations (x,y values) known as **vertices** that define the \"shape\" of the spatial object. The organization of the vertices, determines the type of vector that we are working \n",
    "with: point, line or polygon.\n",
    "\n",
    "\n",
    "\n",
    "<figure>\n",
    "    <a href=\"{{ site.baseurl }}/images/course-materials/earth-analytics/week-5/pnt_line_poly.png\">\n",
    "    <img src=\"{{ site.baseurl }}/images/course-materials/earth-analytics/week-5/pnt_line_poly.png\" alt=\"points lines and polygons graphic.\"></a>\n",
    "    <figcaption> There are 3 types of vector objects: points, lines or polygons. Each object type has a different structure. Image Source: Colin Williams (NEON)\n",
    "    </figcaption>\n",
    "</figure>\n",
    "\n",
    "\n",
    "\n",
    "* **Points:** Each individual point is defined by a single x, y coordinate. There can be many points in a vector point file. Examples of point data include: sampling locations, the location of individual trees or the location of plots.\n",
    "\n",
    "* **Lines:** Lines are composed of many (at least 2) vertices, or points, that are connected. For instance, a road or a stream may be represented by a line. This line is composed of a series of segments, each \"bend\" in the road or stream represents a vertex that has defined `x, y` location.\n",
    "\n",
    "* **Polygons:** A polygon consists of 3 or more vertices that are connected and \"closed\". Thus the outlines of plot boundaries, lakes, oceans, and states or countries are often represented by polygons. Occasionally, a polygon can have a hole in the middle of it (like a doughnut), this is something to be aware of but not an issue we will deal with in this tutorial.\n",
    "\n",
    "\n",
    "<i class=\"fa fa-star\"></i> **Data Tip:** Sometimes, boundary layers such as states and countries, are stored as lines rather than polygons. However, these boundaries, when represented as a line, will not create a closed object with a defined \"area\" that can be \"filled\".\n",
    "{: .notice}\n",
    "\n",
    "\n",
    "\n",
    "## Shapefiles: Points, Lines, and Polygons\n",
    "\n",
    "Geospatial data in vector format are often stored in a `shapefile` format. Because the structure of points, lines, and polygons are different, each individual shapefile can only contain one vector type (all points, all lines \n",
    "or all polygons). You will not find a mixture of point, line and polygon objects in a single shapefile.\n",
    "\n",
    "Objects stored in a shapefile often have a set of associated `attributes` that describe the data. For example, a line shapefile that contains the locations of streams, might contain the associated stream name, stream \"order\" and other \n",
    "information about each stream line object.\n",
    "\n",
    "\n",
    "\n",
    "* More about shapefiles can found on <a href=\"https://en.wikipedia.org/wiki/Shapefile\" target=\"_blank\">Wikipedia</a>.\n",
    "\n",
    "\n",
    "\n",
    "## Import Shapefiles\n",
    "\n",
    "\n",
    "We will use the `geopandas` library to work with vector data in `R`. We will also use `matplotlib.pyplot` to plot our data and `folium`. \n",
    "\n"
   ]
  },
  {
   "cell_type": "code",
   "execution_count": 11,
   "metadata": {
    "collapsed": true
   },
   "outputs": [],
   "source": [
    "## Note not sure what folium does... \n",
    "## had to install it via pip rather than conda... \n",
    "## will need some discussion on using pip vs conda..."
   ]
  },
  {
   "cell_type": "code",
   "execution_count": 12,
   "metadata": {
    "collapsed": false
   },
   "outputs": [],
   "source": [
    "import geopandas as gpd\n",
    "import matplotlib.pyplot as plt\n",
    "# import folium\n",
    "import os.path as op\n",
    "# is there any reason to not just import os \n",
    "import os\n",
    "# what does this do?\n",
    "plt.ion()"
   ]
  },
  {
   "cell_type": "code",
   "execution_count": 13,
   "metadata": {
    "collapsed": false
   },
   "outputs": [],
   "source": [
    "# os.getcwd()\n",
    "# be sure to set your working directory\n",
    "os.chdir(\"/Users/lewa8222/Documents/earth-analytics\")\n",
    "\n",
    "#print os.getcwd();"
   ]
  },
  {
   "cell_type": "markdown",
   "metadata": {},
   "source": [
    "\n",
    "The shapefiles that we will import are:\n",
    "\n",
    "* A polygon shapefile representing our field site boundary,\n",
    "* A line shapefile representing roads, and\n",
    "* A point shapefile representing the location of field sites at the <a href=\"http://www.neonscience.org/science-design/field-sites/harvard-forest\" target=\"_blank\"> San Joachin field site</a>.\n",
    "\n",
    "The first shapefile that we will open contains the point locations of plots where trees have been measured. To import shapefiles we use the `geopandas` function `read_file()`. Notice that we call the `read_file()` function using `gpd.read_file()` to tell python to look for the function within the `geopandas` library.\n"
   ]
  },
  {
   "cell_type": "code",
   "execution_count": 14,
   "metadata": {
    "collapsed": false
   },
   "outputs": [
    {
     "data": {
      "text/html": [
       "<div>\n",
       "<table border=\"1\" class=\"dataframe\">\n",
       "  <thead>\n",
       "    <tr style=\"text-align: right;\">\n",
       "      <th></th>\n",
       "      <th>Plot_ID</th>\n",
       "      <th>Point</th>\n",
       "      <th>easting</th>\n",
       "      <th>geometry</th>\n",
       "      <th>northing</th>\n",
       "      <th>plot_type</th>\n",
       "    </tr>\n",
       "  </thead>\n",
       "  <tbody>\n",
       "    <tr>\n",
       "      <th>0</th>\n",
       "      <td>SJER1068</td>\n",
       "      <td>center</td>\n",
       "      <td>255852.376</td>\n",
       "      <td>POINT (255852.376 4111567.818)</td>\n",
       "      <td>4111567.818</td>\n",
       "      <td>trees</td>\n",
       "    </tr>\n",
       "    <tr>\n",
       "      <th>1</th>\n",
       "      <td>SJER112</td>\n",
       "      <td>center</td>\n",
       "      <td>257406.967</td>\n",
       "      <td>POINT (257406.967 4111298.971)</td>\n",
       "      <td>4111298.971</td>\n",
       "      <td>trees</td>\n",
       "    </tr>\n",
       "    <tr>\n",
       "      <th>2</th>\n",
       "      <td>SJER116</td>\n",
       "      <td>center</td>\n",
       "      <td>256838.760</td>\n",
       "      <td>POINT (256838.76 4110819.876)</td>\n",
       "      <td>4110819.876</td>\n",
       "      <td>grass</td>\n",
       "    </tr>\n",
       "    <tr>\n",
       "      <th>3</th>\n",
       "      <td>SJER117</td>\n",
       "      <td>center</td>\n",
       "      <td>256176.947</td>\n",
       "      <td>POINT (256176.947 4108752.026)</td>\n",
       "      <td>4108752.026</td>\n",
       "      <td>trees</td>\n",
       "    </tr>\n",
       "    <tr>\n",
       "      <th>4</th>\n",
       "      <td>SJER120</td>\n",
       "      <td>center</td>\n",
       "      <td>255968.372</td>\n",
       "      <td>POINT (255968.372 4110476.079)</td>\n",
       "      <td>4110476.079</td>\n",
       "      <td>grass</td>\n",
       "    </tr>\n",
       "    <tr>\n",
       "      <th>5</th>\n",
       "      <td>SJER128</td>\n",
       "      <td>center</td>\n",
       "      <td>257078.867</td>\n",
       "      <td>POINT (257078.867 4111388.57)</td>\n",
       "      <td>4111388.570</td>\n",
       "      <td>trees</td>\n",
       "    </tr>\n",
       "    <tr>\n",
       "      <th>6</th>\n",
       "      <td>SJER192</td>\n",
       "      <td>center</td>\n",
       "      <td>256683.434</td>\n",
       "      <td>POINT (256683.434 4111071.087)</td>\n",
       "      <td>4111071.087</td>\n",
       "      <td>grass</td>\n",
       "    </tr>\n",
       "    <tr>\n",
       "      <th>7</th>\n",
       "      <td>SJER272</td>\n",
       "      <td>center</td>\n",
       "      <td>256717.467</td>\n",
       "      <td>POINT (256717.467 4112167.778)</td>\n",
       "      <td>4112167.778</td>\n",
       "      <td>trees</td>\n",
       "    </tr>\n",
       "    <tr>\n",
       "      <th>8</th>\n",
       "      <td>SJER2796</td>\n",
       "      <td>center</td>\n",
       "      <td>256034.390</td>\n",
       "      <td>POINT (256034.39 4111533.879)</td>\n",
       "      <td>4111533.879</td>\n",
       "      <td>soil</td>\n",
       "    </tr>\n",
       "    <tr>\n",
       "      <th>9</th>\n",
       "      <td>SJER3239</td>\n",
       "      <td>center</td>\n",
       "      <td>258497.102</td>\n",
       "      <td>POINT (258497.102 4109856.983)</td>\n",
       "      <td>4109856.983</td>\n",
       "      <td>soil</td>\n",
       "    </tr>\n",
       "    <tr>\n",
       "      <th>10</th>\n",
       "      <td>SJER36</td>\n",
       "      <td>center</td>\n",
       "      <td>258277.829</td>\n",
       "      <td>POINT (258277.829 4110161.674)</td>\n",
       "      <td>4110161.674</td>\n",
       "      <td>trees</td>\n",
       "    </tr>\n",
       "    <tr>\n",
       "      <th>11</th>\n",
       "      <td>SJER361</td>\n",
       "      <td>center</td>\n",
       "      <td>256961.794</td>\n",
       "      <td>POINT (256961.794 4107527.074)</td>\n",
       "      <td>4107527.074</td>\n",
       "      <td>grass</td>\n",
       "    </tr>\n",
       "    <tr>\n",
       "      <th>12</th>\n",
       "      <td>SJER37</td>\n",
       "      <td>center</td>\n",
       "      <td>256148.197</td>\n",
       "      <td>POINT (256148.197 4107578.841)</td>\n",
       "      <td>4107578.841</td>\n",
       "      <td>trees</td>\n",
       "    </tr>\n",
       "    <tr>\n",
       "      <th>13</th>\n",
       "      <td>SJER4</td>\n",
       "      <td>center</td>\n",
       "      <td>257228.336</td>\n",
       "      <td>POINT (257228.336 4109767.289)</td>\n",
       "      <td>4109767.289</td>\n",
       "      <td>trees</td>\n",
       "    </tr>\n",
       "    <tr>\n",
       "      <th>14</th>\n",
       "      <td>SJER8</td>\n",
       "      <td>center</td>\n",
       "      <td>254738.618</td>\n",
       "      <td>POINT (254738.618 4110249.265)</td>\n",
       "      <td>4110249.265</td>\n",
       "      <td>trees</td>\n",
       "    </tr>\n",
       "    <tr>\n",
       "      <th>15</th>\n",
       "      <td>SJER824</td>\n",
       "      <td>center</td>\n",
       "      <td>256185.584</td>\n",
       "      <td>POINT (256185.584 4110047.586)</td>\n",
       "      <td>4110047.586</td>\n",
       "      <td>soil</td>\n",
       "    </tr>\n",
       "    <tr>\n",
       "      <th>16</th>\n",
       "      <td>SJER916</td>\n",
       "      <td>center</td>\n",
       "      <td>257460.486</td>\n",
       "      <td>POINT (257460.486 4109616.679)</td>\n",
       "      <td>4109616.679</td>\n",
       "      <td>soil</td>\n",
       "    </tr>\n",
       "    <tr>\n",
       "      <th>17</th>\n",
       "      <td>SJER952</td>\n",
       "      <td>center</td>\n",
       "      <td>255871.194</td>\n",
       "      <td>POINT (255871.194 4110759.039)</td>\n",
       "      <td>4110759.039</td>\n",
       "      <td>grass</td>\n",
       "    </tr>\n",
       "  </tbody>\n",
       "</table>\n",
       "</div>"
      ],
      "text/plain": [
       "     Plot_ID   Point     easting                        geometry     northing  \\\n",
       "0   SJER1068  center  255852.376  POINT (255852.376 4111567.818)  4111567.818   \n",
       "1    SJER112  center  257406.967  POINT (257406.967 4111298.971)  4111298.971   \n",
       "2    SJER116  center  256838.760   POINT (256838.76 4110819.876)  4110819.876   \n",
       "3    SJER117  center  256176.947  POINT (256176.947 4108752.026)  4108752.026   \n",
       "4    SJER120  center  255968.372  POINT (255968.372 4110476.079)  4110476.079   \n",
       "5    SJER128  center  257078.867   POINT (257078.867 4111388.57)  4111388.570   \n",
       "6    SJER192  center  256683.434  POINT (256683.434 4111071.087)  4111071.087   \n",
       "7    SJER272  center  256717.467  POINT (256717.467 4112167.778)  4112167.778   \n",
       "8   SJER2796  center  256034.390   POINT (256034.39 4111533.879)  4111533.879   \n",
       "9   SJER3239  center  258497.102  POINT (258497.102 4109856.983)  4109856.983   \n",
       "10    SJER36  center  258277.829  POINT (258277.829 4110161.674)  4110161.674   \n",
       "11   SJER361  center  256961.794  POINT (256961.794 4107527.074)  4107527.074   \n",
       "12    SJER37  center  256148.197  POINT (256148.197 4107578.841)  4107578.841   \n",
       "13     SJER4  center  257228.336  POINT (257228.336 4109767.289)  4109767.289   \n",
       "14     SJER8  center  254738.618  POINT (254738.618 4110249.265)  4110249.265   \n",
       "15   SJER824  center  256185.584  POINT (256185.584 4110047.586)  4110047.586   \n",
       "16   SJER916  center  257460.486  POINT (257460.486 4109616.679)  4109616.679   \n",
       "17   SJER952  center  255871.194  POINT (255871.194 4110759.039)  4110759.039   \n",
       "\n",
       "   plot_type  \n",
       "0      trees  \n",
       "1      trees  \n",
       "2      grass  \n",
       "3      trees  \n",
       "4      grass  \n",
       "5      trees  \n",
       "6      grass  \n",
       "7      trees  \n",
       "8       soil  \n",
       "9       soil  \n",
       "10     trees  \n",
       "11     grass  \n",
       "12     trees  \n",
       "13     trees  \n",
       "14     trees  \n",
       "15      soil  \n",
       "16      soil  \n",
       "17     grass  "
      ]
     },
     "execution_count": 14,
     "metadata": {},
     "output_type": "execute_result"
    }
   ],
   "source": [
    "# path_data = '../../../../../../../data/week05/'\n",
    "\n",
    "sjer_plot_locations = gpd.read_file(filename=\"data/week5/california/SJER/vector_data/SJER_plot_centroids.shp\")\n",
    "sjer_plot_locations"
   ]
  },
  {
   "cell_type": "markdown",
   "metadata": {},
   "source": [
    "\n",
    "<i class=\"fa fa-star\"></i> **Data Tip:** The acronym, OGR, refers to the OpenGIS Simple Features Reference Implementation. <a href=\"https://trac.osgeo.org/gdal/wiki/FAQGeneral\" target=\"_blank\"> Learn more about OGR.</a>\n",
    "{: .notice}\n",
    "\n",
    "\n",
    "## Shapefile Metadata & Attributes\n",
    "\n",
    "When we import the `SJER_plot_centroids` shapefile layer into `Python` the `gpd.read_file()` function automatically stores information about the data. We are particularly interested in the geospatial **metadata**, describing the format, `CRS`, `extent`, and other components of the vector data, and the **attributes** which describe properties associated with each individual vector object.\n",
    "\n",
    "\n",
    "## Spatial Metadata\n",
    "\n",
    "Key metadata for all shapefiles include:\n",
    "\n",
    "1. **Object Type:** the class of the imported object.\n",
    "2. **Coordinate Reference System (CRS):** the projection of the data.\n",
    "3. **Extent:** the spatial extent (geographic area that the shapefile covers) of the shapefile. Note that the spatial extent for a shapefile represents the extent for ALL spatial objects in the shapefile.\n",
    "\n",
    "We can view shapefile metadata using the `class`, `crs` and `extent` methods:\n"
   ]
  },
  {
   "cell_type": "code",
   "execution_count": 19,
   "metadata": {
    "collapsed": false
   },
   "outputs": [
    {
     "data": {
      "text/plain": [
       "0    0.0\n",
       "1    0.0\n",
       "2    0.0\n",
       "3    0.0\n",
       "4    0.0\n",
       "dtype: float64"
      ]
     },
     "execution_count": 19,
     "metadata": {},
     "output_type": "execute_result"
    }
   ],
   "source": [
    "# don't understand what this is doing\n",
    "getattr(sjer_plot_locations.head(), attr)"
   ]
  },
  {
   "cell_type": "code",
   "execution_count": 21,
   "metadata": {
    "collapsed": false
   },
   "outputs": [
    {
     "name": "stdout",
     "output_type": "stream",
     "text": [
      "{'init': 'epsg:32611'}\n"
     ]
    }
   ],
   "source": [
    "# ```{r view-metadata }\n",
    "# view just the class for the shapefile\n",
    "# class(sjer_plot_locations)\n",
    "# view just the crs for the shapefile\n",
    "# crs(sjer_plot_locations)\n",
    "# view just the extent for the shapefile\n",
    "# extent(sjer_plot_locations)\n",
    "# view all metadata at same time\n",
    "# sjer_plot_locations\n",
    "# ```\n",
    "\n",
    "# not exactly sure why we are looping through here\n",
    "#for attr in ['area', 'crs', 'bounds', 'length']:\n",
    "#    print(attr, '\\n', getattr(sjer_plot_locations.head(), attr), '\\n---\\n')\n",
    "\n",
    "# why are we grabbing area?? \n",
    "# how do we get the spatial extent of the object - which should be a total of 4 numbers? \n",
    "\n",
    "# view the crs or coordinate reference system of the data\n",
    "print(sjer_plot_locations.crs)\n"
   ]
  },
  {
   "cell_type": "markdown",
   "metadata": {},
   "source": [
    "The CRS for our data is epsg code: 32611. We will discuss CRS' in a later lesson but for now a quick google search reveals that this CRS is: UTM zone 11 North - WGS84 \n",
    "\n",
    "http://spatialreference.org/ref/epsg/wgs-84-utm-zone-11n/\n"
   ]
  },
  {
   "cell_type": "code",
   "execution_count": 27,
   "metadata": {
    "collapsed": false
   },
   "outputs": [
    {
     "name": "stdout",
     "output_type": "stream",
     "text": [
      "          minx         miny        maxx         maxy\n",
      "0   255852.376  4111567.818  255852.376  4111567.818\n",
      "1   257406.967  4111298.971  257406.967  4111298.971\n",
      "2   256838.760  4110819.876  256838.760  4110819.876\n",
      "3   256176.947  4108752.026  256176.947  4108752.026\n",
      "4   255968.372  4110476.079  255968.372  4110476.079\n",
      "5   257078.867  4111388.570  257078.867  4111388.570\n",
      "6   256683.434  4111071.087  256683.434  4111071.087\n",
      "7   256717.467  4112167.778  256717.467  4112167.778\n",
      "8   256034.390  4111533.879  256034.390  4111533.879\n",
      "9   258497.102  4109856.983  258497.102  4109856.983\n",
      "10  258277.829  4110161.674  258277.829  4110161.674\n",
      "11  256961.794  4107527.074  256961.794  4107527.074\n",
      "12  256148.197  4107578.841  256148.197  4107578.841\n",
      "13  257228.336  4109767.289  257228.336  4109767.289\n",
      "14  254738.618  4110249.265  254738.618  4110249.265\n",
      "15  256185.584  4110047.586  256185.584  4110047.586\n",
      "16  257460.486  4109616.679  257460.486  4109616.679\n",
      "17  255871.194  4110759.039  255871.194  4110759.039\n"
     ]
    },
    {
     "data": {
      "text/plain": [
       "0     ()\n",
       "1     ()\n",
       "2     ()\n",
       "3     ()\n",
       "4     ()\n",
       "5     ()\n",
       "6     ()\n",
       "7     ()\n",
       "8     ()\n",
       "9     ()\n",
       "10    ()\n",
       "11    ()\n",
       "12    ()\n",
       "13    ()\n",
       "14    ()\n",
       "15    ()\n",
       "16    ()\n",
       "17    ()\n",
       "dtype: object"
      ]
     },
     "execution_count": 27,
     "metadata": {},
     "output_type": "execute_result"
    }
   ],
   "source": [
    "# not sure what these bounds are if these are points - maybe one per plot but we want the extent\n",
    "# also note we dno't need print in the notebooks but maybe in the console?? it's always nice to simplify... what is the best approach?\n",
    "print(sjer_plot_locations.bounds)\n"
   ]
  },
  {
   "cell_type": "markdown",
   "metadata": {},
   "source": []
  },
  {
   "cell_type": "code",
   "execution_count": 30,
   "metadata": {
    "collapsed": false
   },
   "outputs": [
    {
     "data": {
      "text/plain": [
       "geopandas.geodataframe.GeoDataFrame"
      ]
     },
     "execution_count": 30,
     "metadata": {},
     "output_type": "execute_result"
    }
   ],
   "source": [
    "# don't think we need this either!\n",
    "# print(sjer_plot_locations.length)\n",
    "type(sjer_plot_locations)"
   ]
  },
  {
   "cell_type": "markdown",
   "metadata": {},
   "source": [
    "We can view the type of object that we are working with using the `type()` function. Here we can see that our `sjer_plot_locations` object is a `geopandas geodataframe`. The CRS **UTM zone 18N**. The CRS is critical to interpreting the object `extent` values as it specifies units.\n",
    "\n",
    "\n",
    "<figure>\n",
    "    <a href=\"{{ site.baseurl }}/images/course-materials/earth-analytics/week-5/spatial_extent.png\">\n",
    "    <img src=\"{{ site.baseurl }}/images/course-materials/earth-analytics/week-5/spatial_extent.png\" alt=\"the spatial extent represents the spatial area that a particular dataset covers.\"></a>\n",
    "    <figcaption>The spatial extent of a shapefile or R spatial object represents\n",
    "    the geographic \"edge\" or location that is the furthest north, south east and\n",
    "    west. Thus is represents the overall geographic coverage of the spatial object.\n",
    "    Image Source: National Ecological Observatory Network (NEON)\n",
    "    </figcaption>\n",
    "</figure>\n",
    "\n",
    "\n",
    "\n",
    "## Spatial Data Attributes\n",
    "\n",
    "Each object in a shapefile has one or more attributes associated with it.\n",
    "Shapefile attributes are similar to fields or columns in a spreadsheet. Each row\n",
    "in the spreadsheet has a set of columns associated with it that describe the row\n",
    "element. In the case of a shapefile, each row represents a spatial object - for\n",
    "example, a road, represented as a line in a line shapefile, will have one \"row\"\n",
    "of attributes associated with it. These attributes can include different types\n",
    "of information that describe objects stored within a shapefile. Thus, our road,\n",
    "may have a name, length, number of lanes, speed limit, type of road and other\n",
    "attributes stored with it.\n",
    "\n",
    "\n",
    "\n",
    "<figure>\n",
    "\n",
    "    <a href=\"{{ site.baseurl }}/images/course-materials/earth-analytics/week-5/attribute_table.png\">\n",
    "    <img src=\"{{ site.baseurl }}/images/course-materials/earth-analytics/week-5/attribute_table.png\" alt=\"A shapefile has an associated attribute table. Each spatial feature in an R spatial object has the same set of\n",
    "    associated attributes that describe or characterize the feature.\n",
    "    Attribute data are stored in a separate *.dbf file. \"></a>\n",
    "    <figcaption>Each spatial feature in an R spatial object has the same set of\n",
    "    associated attributes that describe or characterize the feature.\n",
    "    Attribute data are stored in a separate *.dbf file. Attribute data can be\n",
    "    compared to a spreadsheet. Each row in a spreadsheet represents one feature\n",
    "    in the spatial object.\n",
    "    Image Source: National Ecological Observatory Network (NEON)\n",
    "    </figcaption>\n",
    "</figure>\n",
    "\n",
    "\n",
    "We view the attributes of our geopandas `GeoDataFrame` by simply typing the object name into the console\n",
    "(e.g., `sjer_plot_locations`).\n"
   ]
  },
  {
   "cell_type": "code",
   "execution_count": 31,
   "metadata": {
    "collapsed": false
   },
   "outputs": [
    {
     "data": {
      "text/html": [
       "<div>\n",
       "<table border=\"1\" class=\"dataframe\">\n",
       "  <thead>\n",
       "    <tr style=\"text-align: right;\">\n",
       "      <th></th>\n",
       "      <th>Plot_ID</th>\n",
       "      <th>Point</th>\n",
       "      <th>easting</th>\n",
       "      <th>geometry</th>\n",
       "      <th>northing</th>\n",
       "      <th>plot_type</th>\n",
       "    </tr>\n",
       "  </thead>\n",
       "  <tbody>\n",
       "    <tr>\n",
       "      <th>0</th>\n",
       "      <td>SJER1068</td>\n",
       "      <td>center</td>\n",
       "      <td>255852.376</td>\n",
       "      <td>POINT (255852.376 4111567.818)</td>\n",
       "      <td>4111567.818</td>\n",
       "      <td>trees</td>\n",
       "    </tr>\n",
       "    <tr>\n",
       "      <th>1</th>\n",
       "      <td>SJER112</td>\n",
       "      <td>center</td>\n",
       "      <td>257406.967</td>\n",
       "      <td>POINT (257406.967 4111298.971)</td>\n",
       "      <td>4111298.971</td>\n",
       "      <td>trees</td>\n",
       "    </tr>\n",
       "    <tr>\n",
       "      <th>2</th>\n",
       "      <td>SJER116</td>\n",
       "      <td>center</td>\n",
       "      <td>256838.760</td>\n",
       "      <td>POINT (256838.76 4110819.876)</td>\n",
       "      <td>4110819.876</td>\n",
       "      <td>grass</td>\n",
       "    </tr>\n",
       "    <tr>\n",
       "      <th>3</th>\n",
       "      <td>SJER117</td>\n",
       "      <td>center</td>\n",
       "      <td>256176.947</td>\n",
       "      <td>POINT (256176.947 4108752.026)</td>\n",
       "      <td>4108752.026</td>\n",
       "      <td>trees</td>\n",
       "    </tr>\n",
       "    <tr>\n",
       "      <th>4</th>\n",
       "      <td>SJER120</td>\n",
       "      <td>center</td>\n",
       "      <td>255968.372</td>\n",
       "      <td>POINT (255968.372 4110476.079)</td>\n",
       "      <td>4110476.079</td>\n",
       "      <td>grass</td>\n",
       "    </tr>\n",
       "    <tr>\n",
       "      <th>5</th>\n",
       "      <td>SJER128</td>\n",
       "      <td>center</td>\n",
       "      <td>257078.867</td>\n",
       "      <td>POINT (257078.867 4111388.57)</td>\n",
       "      <td>4111388.570</td>\n",
       "      <td>trees</td>\n",
       "    </tr>\n",
       "    <tr>\n",
       "      <th>6</th>\n",
       "      <td>SJER192</td>\n",
       "      <td>center</td>\n",
       "      <td>256683.434</td>\n",
       "      <td>POINT (256683.434 4111071.087)</td>\n",
       "      <td>4111071.087</td>\n",
       "      <td>grass</td>\n",
       "    </tr>\n",
       "    <tr>\n",
       "      <th>7</th>\n",
       "      <td>SJER272</td>\n",
       "      <td>center</td>\n",
       "      <td>256717.467</td>\n",
       "      <td>POINT (256717.467 4112167.778)</td>\n",
       "      <td>4112167.778</td>\n",
       "      <td>trees</td>\n",
       "    </tr>\n",
       "    <tr>\n",
       "      <th>8</th>\n",
       "      <td>SJER2796</td>\n",
       "      <td>center</td>\n",
       "      <td>256034.390</td>\n",
       "      <td>POINT (256034.39 4111533.879)</td>\n",
       "      <td>4111533.879</td>\n",
       "      <td>soil</td>\n",
       "    </tr>\n",
       "    <tr>\n",
       "      <th>9</th>\n",
       "      <td>SJER3239</td>\n",
       "      <td>center</td>\n",
       "      <td>258497.102</td>\n",
       "      <td>POINT (258497.102 4109856.983)</td>\n",
       "      <td>4109856.983</td>\n",
       "      <td>soil</td>\n",
       "    </tr>\n",
       "    <tr>\n",
       "      <th>10</th>\n",
       "      <td>SJER36</td>\n",
       "      <td>center</td>\n",
       "      <td>258277.829</td>\n",
       "      <td>POINT (258277.829 4110161.674)</td>\n",
       "      <td>4110161.674</td>\n",
       "      <td>trees</td>\n",
       "    </tr>\n",
       "    <tr>\n",
       "      <th>11</th>\n",
       "      <td>SJER361</td>\n",
       "      <td>center</td>\n",
       "      <td>256961.794</td>\n",
       "      <td>POINT (256961.794 4107527.074)</td>\n",
       "      <td>4107527.074</td>\n",
       "      <td>grass</td>\n",
       "    </tr>\n",
       "    <tr>\n",
       "      <th>12</th>\n",
       "      <td>SJER37</td>\n",
       "      <td>center</td>\n",
       "      <td>256148.197</td>\n",
       "      <td>POINT (256148.197 4107578.841)</td>\n",
       "      <td>4107578.841</td>\n",
       "      <td>trees</td>\n",
       "    </tr>\n",
       "    <tr>\n",
       "      <th>13</th>\n",
       "      <td>SJER4</td>\n",
       "      <td>center</td>\n",
       "      <td>257228.336</td>\n",
       "      <td>POINT (257228.336 4109767.289)</td>\n",
       "      <td>4109767.289</td>\n",
       "      <td>trees</td>\n",
       "    </tr>\n",
       "    <tr>\n",
       "      <th>14</th>\n",
       "      <td>SJER8</td>\n",
       "      <td>center</td>\n",
       "      <td>254738.618</td>\n",
       "      <td>POINT (254738.618 4110249.265)</td>\n",
       "      <td>4110249.265</td>\n",
       "      <td>trees</td>\n",
       "    </tr>\n",
       "    <tr>\n",
       "      <th>15</th>\n",
       "      <td>SJER824</td>\n",
       "      <td>center</td>\n",
       "      <td>256185.584</td>\n",
       "      <td>POINT (256185.584 4110047.586)</td>\n",
       "      <td>4110047.586</td>\n",
       "      <td>soil</td>\n",
       "    </tr>\n",
       "    <tr>\n",
       "      <th>16</th>\n",
       "      <td>SJER916</td>\n",
       "      <td>center</td>\n",
       "      <td>257460.486</td>\n",
       "      <td>POINT (257460.486 4109616.679)</td>\n",
       "      <td>4109616.679</td>\n",
       "      <td>soil</td>\n",
       "    </tr>\n",
       "    <tr>\n",
       "      <th>17</th>\n",
       "      <td>SJER952</td>\n",
       "      <td>center</td>\n",
       "      <td>255871.194</td>\n",
       "      <td>POINT (255871.194 4110759.039)</td>\n",
       "      <td>4110759.039</td>\n",
       "      <td>grass</td>\n",
       "    </tr>\n",
       "  </tbody>\n",
       "</table>\n",
       "</div>"
      ],
      "text/plain": [
       "     Plot_ID   Point     easting                        geometry     northing  \\\n",
       "0   SJER1068  center  255852.376  POINT (255852.376 4111567.818)  4111567.818   \n",
       "1    SJER112  center  257406.967  POINT (257406.967 4111298.971)  4111298.971   \n",
       "2    SJER116  center  256838.760   POINT (256838.76 4110819.876)  4110819.876   \n",
       "3    SJER117  center  256176.947  POINT (256176.947 4108752.026)  4108752.026   \n",
       "4    SJER120  center  255968.372  POINT (255968.372 4110476.079)  4110476.079   \n",
       "5    SJER128  center  257078.867   POINT (257078.867 4111388.57)  4111388.570   \n",
       "6    SJER192  center  256683.434  POINT (256683.434 4111071.087)  4111071.087   \n",
       "7    SJER272  center  256717.467  POINT (256717.467 4112167.778)  4112167.778   \n",
       "8   SJER2796  center  256034.390   POINT (256034.39 4111533.879)  4111533.879   \n",
       "9   SJER3239  center  258497.102  POINT (258497.102 4109856.983)  4109856.983   \n",
       "10    SJER36  center  258277.829  POINT (258277.829 4110161.674)  4110161.674   \n",
       "11   SJER361  center  256961.794  POINT (256961.794 4107527.074)  4107527.074   \n",
       "12    SJER37  center  256148.197  POINT (256148.197 4107578.841)  4107578.841   \n",
       "13     SJER4  center  257228.336  POINT (257228.336 4109767.289)  4109767.289   \n",
       "14     SJER8  center  254738.618  POINT (254738.618 4110249.265)  4110249.265   \n",
       "15   SJER824  center  256185.584  POINT (256185.584 4110047.586)  4110047.586   \n",
       "16   SJER916  center  257460.486  POINT (257460.486 4109616.679)  4109616.679   \n",
       "17   SJER952  center  255871.194  POINT (255871.194 4110759.039)  4110759.039   \n",
       "\n",
       "   plot_type  \n",
       "0      trees  \n",
       "1      trees  \n",
       "2      grass  \n",
       "3      trees  \n",
       "4      grass  \n",
       "5      trees  \n",
       "6      grass  \n",
       "7      trees  \n",
       "8       soil  \n",
       "9       soil  \n",
       "10     trees  \n",
       "11     grass  \n",
       "12     trees  \n",
       "13     trees  \n",
       "14     trees  \n",
       "15      soil  \n",
       "16      soil  \n",
       "17     grass  "
      ]
     },
     "execution_count": 31,
     "metadata": {},
     "output_type": "execute_result"
    }
   ],
   "source": [
    "# view attribute table associated with the data\n",
    "sjer_plot_locations"
   ]
  },
  {
   "cell_type": "markdown",
   "metadata": {},
   "source": [
    "In this case, we have several attributes associated with our points including:\n",
    "\n",
    "* Plot_ID, Point, easting, geometry, northing, plot_type \n",
    "\n",
    "\n",
    "## Metadata & Attribute Summary\n",
    "\n",
    "We can view a metadata & attribute summary of each shapefile by entering\n",
    "the name of the `R` object in the console. Note that the metadata output\n",
    "includes the **class**, the number of **features**, the **extent**, and the\n",
    "**coordinate reference system** (`crs`) of the `R` object. The last two lines of\n",
    "`summary` show a preview of the `R` object **attributes**.\n",
    "\n",
    "## what's a good quick way to access all of the key spatial attributes. I'm still not sure how to get the spatial extent. Is there \n"
   ]
  },
  {
   "cell_type": "code",
   "execution_count": 5,
   "metadata": {
    "collapsed": true
   },
   "outputs": [
    {
     "data": {
      "text/html": [
       "<div>\n",
       "<table border=\"1\" class=\"dataframe\">\n",
       "  <thead>\n",
       "    <tr style=\"text-align: right;\">\n",
       "      <th></th>\n",
       "      <th>Plot_ID</th>\n",
       "      <th>Point</th>\n",
       "      <th>northing</th>\n",
       "      <th>easting</th>\n",
       "      <th>plot_type</th>\n",
       "      <th>geometry</th>\n",
       "    </tr>\n",
       "  </thead>\n",
       "  <tbody>\n",
       "    <tr>\n",
       "      <th>0</th>\n",
       "      <td>SJER1068</td>\n",
       "      <td>center</td>\n",
       "      <td>4111567.818</td>\n",
       "      <td>255852.376</td>\n",
       "      <td>trees</td>\n",
       "      <td>POINT (255852.376 4111567.818)</td>\n",
       "    </tr>\n",
       "    <tr>\n",
       "      <th>1</th>\n",
       "      <td>SJER112</td>\n",
       "      <td>center</td>\n",
       "      <td>4111298.971</td>\n",
       "      <td>257406.967</td>\n",
       "      <td>trees</td>\n",
       "      <td>POINT (257406.967 4111298.971)</td>\n",
       "    </tr>\n",
       "    <tr>\n",
       "      <th>2</th>\n",
       "      <td>SJER116</td>\n",
       "      <td>center</td>\n",
       "      <td>4110819.876</td>\n",
       "      <td>256838.760</td>\n",
       "      <td>grass</td>\n",
       "      <td>POINT (256838.76 4110819.876)</td>\n",
       "    </tr>\n",
       "    <tr>\n",
       "      <th>3</th>\n",
       "      <td>SJER117</td>\n",
       "      <td>center</td>\n",
       "      <td>4108752.026</td>\n",
       "      <td>256176.947</td>\n",
       "      <td>trees</td>\n",
       "      <td>POINT (256176.947 4108752.026)</td>\n",
       "    </tr>\n",
       "    <tr>\n",
       "      <th>4</th>\n",
       "      <td>SJER120</td>\n",
       "      <td>center</td>\n",
       "      <td>4110476.079</td>\n",
       "      <td>255968.372</td>\n",
       "      <td>grass</td>\n",
       "      <td>POINT (255968.372 4110476.079)</td>\n",
       "    </tr>\n",
       "    <tr>\n",
       "      <th>5</th>\n",
       "      <td>SJER128</td>\n",
       "      <td>center</td>\n",
       "      <td>4111388.570</td>\n",
       "      <td>257078.867</td>\n",
       "      <td>trees</td>\n",
       "      <td>POINT (257078.867 4111388.57)</td>\n",
       "    </tr>\n",
       "    <tr>\n",
       "      <th>6</th>\n",
       "      <td>SJER192</td>\n",
       "      <td>center</td>\n",
       "      <td>4111071.087</td>\n",
       "      <td>256683.434</td>\n",
       "      <td>grass</td>\n",
       "      <td>POINT (256683.434 4111071.087)</td>\n",
       "    </tr>\n",
       "    <tr>\n",
       "      <th>7</th>\n",
       "      <td>SJER272</td>\n",
       "      <td>center</td>\n",
       "      <td>4112167.778</td>\n",
       "      <td>256717.467</td>\n",
       "      <td>trees</td>\n",
       "      <td>POINT (256717.467 4112167.778)</td>\n",
       "    </tr>\n",
       "    <tr>\n",
       "      <th>8</th>\n",
       "      <td>SJER2796</td>\n",
       "      <td>center</td>\n",
       "      <td>4111533.879</td>\n",
       "      <td>256034.390</td>\n",
       "      <td>soil</td>\n",
       "      <td>POINT (256034.39 4111533.879)</td>\n",
       "    </tr>\n",
       "    <tr>\n",
       "      <th>9</th>\n",
       "      <td>SJER3239</td>\n",
       "      <td>center</td>\n",
       "      <td>4109856.983</td>\n",
       "      <td>258497.102</td>\n",
       "      <td>soil</td>\n",
       "      <td>POINT (258497.102 4109856.983)</td>\n",
       "    </tr>\n",
       "    <tr>\n",
       "      <th>10</th>\n",
       "      <td>SJER36</td>\n",
       "      <td>center</td>\n",
       "      <td>4110161.674</td>\n",
       "      <td>258277.829</td>\n",
       "      <td>trees</td>\n",
       "      <td>POINT (258277.829 4110161.674)</td>\n",
       "    </tr>\n",
       "    <tr>\n",
       "      <th>11</th>\n",
       "      <td>SJER361</td>\n",
       "      <td>center</td>\n",
       "      <td>4107527.074</td>\n",
       "      <td>256961.794</td>\n",
       "      <td>grass</td>\n",
